input_a,input_b,output
108554,972745,1081299
577552,994228,1571780
979893,315506,1295399
762311,205760,968071
132967,271444,404411
828222,403719,1231941
561716,624251,1185967
176770,115189,291959
689848,266182,956030
834283,378795,1213078
684317,239313,923630
762633,403012,1165645
985960,197104,1183064
530236,774894,1305130
536562,761118,1297680
662716,342708,1005424
658368,883218,1541586
416571,917829,1334400
595535,737116,1332651
268407,856103,1124510
990161,128739,1118900
851870,924564,1776434
966937,564072,1531009
214236,148278,362514
877635,794649,1672284
747822,525919,1273741
737898,233051,970949
785386,122697,908083
584080,753011,1337091
323677,760437,1084114
493655,347795,841450
613893,828080,1441973
815821,484603,1300424
205356,503403,708759
739871,321749,1061620
246884,903325,1150209
217411,679499,896910
685027,748802,1433829
654813,333973,988786
658603,357009,1015612
217129,134647,351776
856919,923044,1779963
176014,964397,1140411
683864,799693,1483557
840135,893084,1733219
788524,607280,1395804
648678,396697,1045375
655612,596630,1252242
388578,702375,1090953
607606,608207,1215813
897007,753649,1650656
405932,570164,976096
674726,613557,1288283
467162,141403,608565
787006,269973,1056979
821590,563507,1385097
736076,248776,984852
152577,308028,460605
939813,829893,1769706
193737,756442,950179
359543,192269,551812
500633,381319,881952
847590,861527,1709117
219088,282152,501240
727514,474224,1201738
353337,418352,771689
344323,828968,1173291
277793,914820,1192613
910558,102725,1013283
524107,406236,930343
690269,170801,861070
529719,718603,1248322
675373,512388,1187761
782668,830795,1613463
523152,504500,1027652
625054,101507,726561
409355,902522,1311877
501621,282381,784002
390347,995089,1385436
687223,735031,1422254
950440,390235,1340675
329838,419348,749186
646383,584444,1230827
172423,293076,465499
175947,890654,1066601
278441,780258,1058699
532420,496766,1029186
818228,513277,1331505
507493,739312,1246805
876536,280556,1157092
679713,532014,1211727
604377,259558,863935
331756,544087,875843
154336,766494,920830
682966,583452,1266418
681490,919058,1600548
821690,692994,1514684
693580,536010,1229590
199899,744167,944066
723371,742805,1466176
