input_a,input_b,output
56,883,939
73,478,551
40,140,180
78,171,249
62,313,375
83,114,197
24,195,219
82,241,323
28,235,263
88,269,357
53,434,487
14,505,519
93,685,778
36,840,876
10,260,270
36,997,1033
58,519,577
51,495,546
11,112,123
21,865,886
33,100,133
55,323,378
42,617,659
74,118,192
18,967,985
97,405,502
88,447,535
40,815,855
43,913,956
95,720,815
94,445,539
77,730,807
80,971,1051
20,478,498
82,361,443
22,628,650
88,167,255
98,931,1029
81,841,922
48,422,470
93,491,584
49,799,848
38,297,335
68,965,1033
46,773,819
12,891,903
26,556,582
11,735,746
13,409,422
93,551,644
24,460,484
50,960,1010
39,156,195
46,511,557
68,831,899
37,968,1005
43,871,914
14,924,938
85,205,290
96,634,730
57,359,416
10,715,725
49,387,436
33,146,179
67,821,888
79,212,291
95,910,1005
80,353,433
90,859,949
48,921,969
99,735,834
19,568,587
41,695,736
34,977,1011
66,896,962
13,447,460
72,841,913
53,201,254
86,692,778
19,211,230
90,983,1073
90,677,767
51,196,247
60,108,168
64,491,555
47,470,517
30,440,470
13,695,708
15,358,373
26,762,788
52,534,586
52,774,826
42,643,685
33,728,761
41,355,396
33,872,905
81,115,196
27,845,872
11,244,255
92,474,566
